# значения х, у1 и у2
  -5.00000    6.51619    1.04753
  -4.50000    6.11271    1.02643
  -4.00000    5.66643    1.23794
  -3.50000    5.16800    1.45906
  -3.00000    4.60517    1.50664
  -2.50000    3.96200    1.34647
  -2.00000    3.21888    1.10057
  -1.50000    2.35731    1.00300
  -1.00000    1.38629    1.16612
  -0.50000    0.44629    1.40866
   0.00000    0.00000    1.51572
   0.50000    0.44629    1.40866
   1.00000    1.38629    1.16612
   1.50000    2.35731    1.00300
   2.00000    3.21888    1.10057
   2.50000    3.96200    1.34647
   3.00000    4.60517    1.50664
   3.50000    5.16800    1.45906
   4.00000    5.66643    1.23794
   4.50000    6.11271    1.02643
   5.00000    6.51619    1.04753
# Результат задания ѕ
   1.51572
   1.85495
   1.85495
   2.55241
   2.55241
   3.36031
   3.36031
   4.31945
   4.31945
   5.30847
   5.30847
   6.11181
   6.11181
   6.62705
   6.62705
   6.90437
   6.90437
   7.13914
   7.13914
   7.56372
   7.56372
# Результат задания сравнение y1 и y2
(y2 больше y1)